%Calculo interactivo con MATLAB
%Borrado de una fila o columna
%Ejemplo
B=[1 2 3;4 5 6;7 8 9]

B =

     1     2     3
     4     5     6
     7     8     9

B(2,:)=[]

B =

     1     2     3
     7     8     9

%Borra la segunda fila
B(:,3)=[]

B =

     1     2
     7     8

%Borra la tercera columna
B=[1 2 3 4 ; 5 6 7 8 ; 9 10 11 12 ; 13 14 15 16]

B =

     1     2     3     4
     5     6     7     8
     9    10    11    12
    13    14    15    16

B(2,2:3)=[]
{??? Subscripted assignment dimension mismatch.
} 
B(:,2:3)=[]

B =

     1     4
     5     8
     9    12
    13    16

%Borra para todos los renglones la columna 2 y 3
B=[1 2 3 4 ; 5 6 7 8 ; 9 10 11 12 ; 13 14 15 16];
B(:,[2 4])=[]

B =

     1     3
     5     7
     9    11
    13    15

%Borra para todos los renglones laa columnaa 2 y 4
%creacion de una matratriz aleatoria
%A = rand(5,6)
A = rand(5,6)

A =

    0.8147    0.0975    0.1576    0.1419    0.6557    0.7577
    0.9058    0.2785    0.9706    0.4218    0.0357    0.7431
    0.1270    0.5469    0.9572    0.9157    0.8491    0.3922
    0.9134    0.9575    0.4854    0.7922    0.9340    0.6555
    0.6324    0.9649    0.8003    0.9595    0.6787    0.1712

A =10* rand(5,6)

A =

    7.0605    8.2346    4.3874    4.8976    2.7603    4.9836
    0.3183    6.9483    3.8156    4.4559    6.7970    9.5974
    2.7692    3.1710    7.6552    6.4631    6.5510    3.4039
    0.4617    9.5022    7.9520    7.0936    1.6261    5.8527
    0.9713    0.3445    1.8687    7.5469    1.1900    2.2381

A = floor(10* rand(5,6))

A =

     7     9     8     3     3     2
     2     5     2     1     8     7
     5     1     8     2     5     7
     6     1     2     6     5     3
     8     2     9     4     9     5

A = floor(10* rand(5,6))

A =

     0     1     1     6     4     8
     0     5     7     2     0     5
     5     4     3     6     2     9
     7     0     5     6     9     0
     9     3     1     7     1     4

A =20 - floor((20-10)* rand(5,6))

A =

    19    12    16    19    12    20
    11    20    11    12    14    18
    20    17    19    15    17    19
    13    18    18    15    15    19
    12    12    19    19    16    18

A =20 - (20-10)* rand(5,6)

A =

   15.8273   15.1075   12.1975   18.6803   17.6522   18.3101
   19.5035   16.6228   16.1026   10.5795   16.4684   13.5088
   10.9728   10.9995   17.5831   10.4387   11.7881   12.6828
   10.5521   16.3075   15.9609   14.2479   19.8460   13.5225
   15.0914   18.8880   19.0355   19.4022   19.5698   15.4908

A =9 - (9-1)* rand(5,6)
MATLAB has lost its connection to the license manager.
Unless the connection is restored, MATLAB will exit in 18 minutes.


A =

    4.6239    7.5319    1.5649    6.5492    3.8455    1.4880
    6.6294    6.0521    2.7943    4.9319    5.9711    1.9925
    3.0425    3.9951    5.1057    4.9138    2.5074    4.5987
    7.4884    2.7582    5.5131    2.4590    4.7374    4.0202
    3.5058    8.3510    5.4257    2.6413    6.1942    4.3036


A =9 - (9-1)* rand(5,6)

A =

    7.3381    7.4419    6.5112    1.1620    4.2408    8.0607
    6.5900    7.1926    1.6130    5.4890    6.9023    6.6266
    5.2326    7.6343    5.5583    8.1110    4.1773    6.4498
    7.1561    7.1787    7.5215    6.9355    3.3103    5.6067
    2.2455    5.5144    1.7610    5.7302    7.2260    4.9371

A =9 - (9-0)* rand(10,10)

A =

  Columns 1 through 7

    8.2304    0.3322    8.6604    8.0391    8.7251    7.3537    8.4634
    6.6377    4.0787    1.0335    3.1162    2.3033    6.8406    2.8623
    1.7909    4.3098    0.7804    4.5524    4.4998    1.0214    8.6181
    8.7370    6.9157    1.8343    1.9885    4.6807    8.7419    8.3570
    0.6403    4.5999    8.1116    2.5647    0.8575    4.5909    4.3052
    2.4270    3.3835    6.6432    0.8665    3.5112    7.4887    8.1294
    4.6025    2.8878    5.9818    0.9817    3.4410    0.1919    1.6367
    3.7933    5.4404    2.8824    5.9925    1.2650    2.5857    1.6421
    6.8644    5.6931    7.7710    2.7113    1.7506    4.4958    2.4980
    4.8704    0.1082    2.5090    7.2197    3.8095    4.7602    7.6512

  Columns 8 through 10

    3.0636    7.4395    6.3721
    4.3326    5.4816    5.1151
    0.2432    1.5176    8.8606
    3.1591    1.7697    0.1434
    1.7970    8.4558    7.4955
    4.9158    5.4067    8.0441
    5.1085    4.2581    5.6483
    1.5722    5.2488    7.2169
    8.2488    3.0883    4.5928
    7.8015    3.3482    5.9446

A =9 - (9-0)* rand(10,6)

A =

    0.4353    6.2869    8.7066    3.1971    6.7337    0.8432
    0.7170    2.6901    3.9492    5.6136    6.3860    1.0831
    8.5259    3.0030    1.0632    7.2817    3.4462    1.6402
    2.3593    4.1479    2.9774    5.1457    6.6125    6.6534
    6.5779    2.7171    7.2861    4.6618    1.5806    3.6508
    5.1945    3.0012    5.6798    7.9145    0.1560    8.7974
    4.0692    7.3968    4.8535    3.6944    2.4278    5.1727
    0.5154    7.8479    0.1653    6.9643    5.9051    6.1855
    5.2403    0.0083    7.5924    5.5384    3.7434    7.5466
    0.1525    7.4599    1.3003    3.7531    8.0301    7.3911

A =9 - (9-0)* rand(10,7)

A =

    5.1940    4.2222    1.9908    4.3375    6.7069    0.7561    7.4171
    8.1519    3.1100    5.1889    0.5074    6.9836    8.9896    2.5042
    3.6133    5.3314    8.1826    3.2606    2.9895    4.8380    4.7386
    4.7617    1.6202    6.6018    0.3808    1.4005    5.1809    7.6255
    2.7365    2.5348    7.6171    6.8336    5.8998    4.8518    5.9299
    2.7010    0.2822    6.4710    2.9149    1.9753    2.0686    3.5335
    3.2532    4.2180    5.0392    6.3984    2.9220    6.0978    7.2743
    8.6976    6.0737    4.2557    2.9537    8.9396    1.9373    2.3542
    8.3807    8.0493    4.8832    2.7437    3.5805    4.7578    6.8144
    6.1236    3.5014    1.1217    8.3881    5.5191    8.6781    0.7432

A =floor(9 - (9-0)* rand(10,7))

A =

     6     3     4     3     4     5     2
     2     2     3     4     3     4     8
     7     3     2     1     4     5     4
     6     0     5     6     2     2     4
     8     7     3     6     4     3     1
     3     2     5     7     0     2     4
     2     6     1     0     7     0     5
     4     7     1     3     8     0     2
     5     3     6     4     8     7     2
     3     4     3     3     8     7     4

%algunas matrices utiles, por ejemplo
eye(3,4)

ans =

     1     0     0     0
     0     1     0     0
     0     0     1     0

eye(3,4) % genera una matriz 3x4 con unos en ladiagonal principal

ans =

     1     0     0     0
     0     1     0     0
     0     0     1     0

zeros(3,4) % genera una matriz con ceros 3x4

ans =

     0     0     0     0
     0     0     0     0
     0     0     0     0

rand(3,4) % genera una matriz 3x4 Uniforme(0,1)

ans =

    0.3477    0.2621    0.2428    0.3592
    0.1500    0.0445    0.4424    0.7363
    0.5861    0.7549    0.6878    0.3947

ones(3,4) % genera una matriz 3x4 con solo unos

ans =

     1     1     1     1
     1     1     1     1
     1     1     1     1

twos(3,4) % genera una matriz 3x4 con solo unos
{??? Undefined function or method 'twos' for input arguments of type 'double'.
} 
randn(3,4) % genera una matriz 3x4 normal standard

ans =

    1.0128   -0.8657   -0.4381   -0.2977
    0.6293   -1.0431   -0.4087    1.1437
   -0.2130   -0.2701    0.9835   -0.5316

a=0:10:100 % genera un vector de la siguiente forma a=[0,10,...,100]

a =

     0    10    20    30    40    50    60    70    80    90   100

b=0:pi/50:2*pi

b =

  Columns 1 through 7

         0    0.0628    0.1257    0.1885    0.2513    0.3142    0.3770

  Columns 8 through 14

    0.4398    0.5027    0.5655    0.6283    0.6912    0.7540    0.8168

